2400.0 2400.0 500.0 800.0 2400.0 500.0 
2400.0 2400.0 410.0 2400.0 2400.0 500.0 
800.0 2400.0 410.0 2400.0 2400.0 410.0 
800.0 2400.0 410.0 800.0 2400.0 500.0 
800.0 0.0 500.0 800.0 2400.0 500.0 
2400.0 0.0 500.0 2400.0 2400.0 500.0 
2400.0 0.0 410.0 2400.0 2400.0 410.0 
800.0 2400.0 410.0 800.0 0.0 410.0 
2400.0 0.0 500.0 800.0 0.0 500.0 
2400.0 0.0 410.0 2400.0 0.0 500.0 
800.0 0.0 410.0 2400.0 0.0 410.0 
800.0 0.0 410.0 800.0 0.0 500.0 
800.0 2400.0 500.0 1600.0 3200.0 445.0 
2400.0 2400.0 500.0 1600.0 3200.0 445.0 
2400.0 2400.0 410.0 1600.0 3200.0 445.0 
800.0 2400.0 410.0 1600.0 3200.0 445.0 
