150.0 150.0 300.0 50.0 150.0 300.0 
150.0 150.0 210.0 150.0 150.0 300.0 
50.0 150.0 210.0 150.0 150.0 210.0 
50.0 150.0 210.0 50.0 150.0 300.0 
50.0 0.0 300.0 50.0 150.0 300.0 
150.0 0.0 300.0 150.0 150.0 300.0 
150.0 0.0 210.0 150.0 150.0 210.0 
50.0 150.0 210.0 50.0 0.0 210.0 
150.0 0.0 300.0 50.0 0.0 300.0 
150.0 0.0 210.0 150.0 0.0 300.0 
50.0 0.0 210.0 150.0 0.0 210.0 
50.0 0.0 210.0 50.0 0.0 300.0 
50.0 150.0 300.0 100.0 200.0 245.0 
150.0 150.0 300.0 100.0 200.0 245.0 
150.0 150.0 210.0 100.0 200.0 245.0 
50.0 150.0 210.0 100.0 200.0 245.0 
