450.0 150.0 100.0 150.0 150.0 100.0 
450.0 150.0 10.0 450.0 150.0 100.0 
150.0 150.0 10.0 450.0 150.0 10.0 
150.0 150.0 10.0 150.0 150.0 100.0 
150.0 0.0 100.0 150.0 150.0 100.0 
450.0 0.0 100.0 450.0 150.0 100.0 
450.0 0.0 10.0 450.0 150.0 10.0 
150.0 150.0 10.0 150.0 0.0 10.0 
450.0 0.0 100.0 150.0 0.0 100.0 
450.0 0.0 10.0 450.0 0.0 100.0 
150.0 0.0 10.0 450.0 0.0 10.0 
150.0 0.0 10.0 150.0 0.0 100.0 
150.0 150.0 100.0 300.0 200.0 45.0 
450.0 150.0 100.0 300.0 200.0 45.0 
450.0 150.0 10.0 300.0 200.0 45.0 
150.0 150.0 10.0 300.0 200.0 45.0 
