79.9038105676658 150.0 161.60254037844385 -6.698729810778055 150.0 111.60254037844388 
124.9038105676658 150.0 83.66025403784437 79.9038105676658 150.0 161.60254037844385 
38.30127018922194 150.0 33.66025403784438 124.9038105676658 150.0 83.66025403784437 
38.30127018922194 150.0 33.66025403784438 -6.698729810778055 150.0 111.60254037844388 
-6.698729810778055 0.0 111.60254037844388 -6.698729810778055 150.0 111.60254037844388 
79.9038105676658 0.0 161.60254037844385 79.9038105676658 150.0 161.60254037844385 
124.9038105676658 0.0 83.66025403784437 124.9038105676658 150.0 83.66025403784437 
38.30127018922194 150.0 33.66025403784438 38.30127018922194 0.0 33.66025403784438 
79.9038105676658 0.0 161.60254037844385 -6.698729810778055 0.0 111.60254037844388 
124.9038105676658 0.0 83.66025403784437 79.9038105676658 0.0 161.60254037844385 
38.30127018922194 0.0 33.66025403784438 124.9038105676658 0.0 83.66025403784437 
38.30127018922194 0.0 33.66025403784438 -6.698729810778055 0.0 111.60254037844388 
-6.698729810778055 150.0 111.60254037844388 64.10254037844388 200.0 88.97114317029974 
79.9038105676658 150.0 161.60254037844385 64.10254037844388 200.0 88.97114317029974 
124.9038105676658 150.0 83.66025403784437 64.10254037844388 200.0 88.97114317029974 
38.30127018922194 150.0 33.66025403784438 64.10254037844388 200.0 88.97114317029974 
