150.0 179.9038105676658 11.60254037844389 50.0 179.9038105676658 11.60254037844389 
150.0 134.9038105676658 -66.3397459621556 150.0 179.9038105676658 11.60254037844389 
50.0 134.9038105676658 -66.3397459621556 150.0 134.9038105676658 -66.3397459621556 
50.0 134.9038105676658 -66.3397459621556 50.0 179.9038105676658 11.60254037844389 
50.0 49.99999999999999 86.60254037844388 50.0 179.9038105676658 11.60254037844389 
150.0 49.99999999999999 86.60254037844388 150.0 179.9038105676658 11.60254037844389 
150.0 4.999999999999999 8.660254037844387 150.0 134.9038105676658 -66.3397459621556 
50.0 134.9038105676658 -66.3397459621556 50.0 4.999999999999999 8.660254037844387 
150.0 49.99999999999999 86.60254037844388 50.0 49.99999999999999 86.60254037844388 
150.0 4.999999999999999 8.660254037844387 150.0 49.99999999999999 86.60254037844388 
50.0 4.999999999999999 8.660254037844387 150.0 4.999999999999999 8.660254037844387 
50.0 4.999999999999999 8.660254037844387 50.0 49.99999999999999 86.60254037844388 
50.0 179.9038105676658 11.60254037844389 100.0 195.70508075688775 -61.028856829700246 
150.0 179.9038105676658 11.60254037844389 100.0 195.70508075688775 -61.028856829700246 
150.0 134.9038105676658 -66.3397459621556 100.0 195.70508075688775 -61.028856829700246 
50.0 134.9038105676658 -66.3397459621556 100.0 195.70508075688775 -61.028856829700246 
