150.0 450.0 100.0 50.0 450.0 100.0 
150.0 450.0 10.0 150.0 450.0 100.0 
50.0 450.0 10.0 150.0 450.0 10.0 
50.0 450.0 10.0 50.0 450.0 100.0 
50.0 0.0 100.0 50.0 450.0 100.0 
150.0 0.0 100.0 150.0 450.0 100.0 
150.0 0.0 10.0 150.0 450.0 10.0 
50.0 450.0 10.0 50.0 0.0 10.0 
150.0 0.0 100.0 50.0 0.0 100.0 
150.0 0.0 10.0 150.0 0.0 100.0 
50.0 0.0 10.0 150.0 0.0 10.0 
50.0 0.0 10.0 50.0 0.0 100.0 
50.0 450.0 100.0 100.0 600.0 45.0 
150.0 450.0 100.0 100.0 600.0 45.0 
150.0 450.0 10.0 100.0 600.0 45.0 
50.0 450.0 10.0 100.0 600.0 45.0 
