150.0 50.0 100.0 50.0 50.0 100.0 
150.0 50.0 10.0 150.0 50.0 100.0 
50.0 50.0 10.0 150.0 50.0 10.0 
50.0 50.0 10.0 50.0 50.0 100.0 
50.0 -100.0 100.0 50.0 50.0 100.0 
150.0 -100.0 100.0 150.0 50.0 100.0 
150.0 -100.0 10.0 150.0 50.0 10.0 
50.0 50.0 10.0 50.0 -100.0 10.0 
150.0 -100.0 100.0 50.0 -100.0 100.0 
150.0 -100.0 10.0 150.0 -100.0 100.0 
50.0 -100.0 10.0 150.0 -100.0 10.0 
50.0 -100.0 10.0 50.0 -100.0 100.0 
50.0 50.0 100.0 100.0 100.0 45.0 
150.0 50.0 100.0 100.0 100.0 45.0 
150.0 50.0 10.0 100.0 100.0 45.0 
50.0 50.0 10.0 100.0 100.0 45.0 
