204.9038105676658 54.903810567665815 100.0 118.30127018922192 104.9038105676658 100.0 
204.9038105676658 54.903810567665815 10.0 204.9038105676658 54.903810567665815 100.0 
118.30127018922192 104.9038105676658 10.0 204.9038105676658 54.903810567665815 10.0 
118.30127018922192 104.9038105676658 10.0 118.30127018922192 104.9038105676658 100.0 
43.30127018922194 -24.999999999999996 100.0 118.30127018922192 104.9038105676658 100.0 
129.9038105676658 -74.99999999999999 100.0 204.9038105676658 54.903810567665815 100.0 
129.9038105676658 -74.99999999999999 10.0 204.9038105676658 54.903810567665815 10.0 
118.30127018922192 104.9038105676658 10.0 43.30127018922194 -24.999999999999996 10.0 
129.9038105676658 -74.99999999999999 100.0 43.30127018922194 -24.999999999999996 100.0 
129.9038105676658 -74.99999999999999 10.0 129.9038105676658 -74.99999999999999 100.0 
43.30127018922194 -24.999999999999996 10.0 129.9038105676658 -74.99999999999999 10.0 
43.30127018922194 -24.999999999999996 10.0 43.30127018922194 -24.999999999999996 100.0 
118.30127018922192 104.9038105676658 100.0 186.60254037844385 123.20508075688775 45.0 
204.9038105676658 54.903810567665815 100.0 186.60254037844385 123.20508075688775 45.0 
204.9038105676658 54.903810567665815 10.0 186.60254037844385 123.20508075688775 45.0 
118.30127018922192 104.9038105676658 10.0 186.60254037844385 123.20508075688775 45.0 
