150.0 150.0 300.0 50.0 150.0 300.0 
150.0 150.0 30.0 150.0 150.0 300.0 
50.0 150.0 30.0 150.0 150.0 30.0 
50.0 150.0 30.0 50.0 150.0 300.0 
50.0 0.0 300.0 50.0 150.0 300.0 
150.0 0.0 300.0 150.0 150.0 300.0 
150.0 0.0 30.0 150.0 150.0 30.0 
50.0 150.0 30.0 50.0 0.0 30.0 
150.0 0.0 300.0 50.0 0.0 300.0 
150.0 0.0 30.0 150.0 0.0 300.0 
50.0 0.0 30.0 150.0 0.0 30.0 
50.0 0.0 30.0 50.0 0.0 300.0 
50.0 150.0 300.0 100.0 200.0 135.0 
150.0 150.0 300.0 100.0 200.0 135.0 
150.0 150.0 30.0 100.0 200.0 135.0 
50.0 150.0 30.0 100.0 200.0 135.0 
